
first 3 questions:
+------+----+----+----+--------+-------+-------+-------+---------+
| type | q1 | q2 | q3 |   mean | amean |   var |  am*v |     res |
+------+----+----+----+--------+-------+-------+-------+---------+
|    1 | -1 | -1 | -1 |   -1.0 |   1.0 |   0.0 |   0.0 |       p |
|    1 |  0 |  0 |  0 |    0.0 |   0.0 |   0.0 |   0.0 |       m |
|    1 |  1 |  1 |  1 |    1.0 |   1.0 |   0.0 |   0.0 |       b |
|    3 |  0 |  0 | -1 | -0.333 | 0.333 | 0.222 | 0.074 |  ask q4 |
|    3 | -1 |  0 |  0 | -0.333 | 0.333 | 0.222 | 0.074 |  ask q4 |
|    3 |  0 | -1 |  0 | -0.333 | 0.333 | 0.222 | 0.074 |  ask q4 |
|    2 | -1 | -1 |  0 | -0.667 | 0.667 | 0.222 | 0.148 |      mp |
|    2 | -1 |  0 | -1 | -0.667 | 0.667 | 0.222 | 0.148 |      mp |
|    2 |  0 | -1 | -1 | -0.667 | 0.667 | 0.222 | 0.148 |      mp |
|    3 |  1 |  0 |  0 |  0.333 | 0.333 | 0.222 | 0.074 |  ask q4 |
|    3 |  0 |  1 |  0 |  0.333 | 0.333 | 0.222 | 0.074 |  ask q4 |
|    3 |  0 |  0 |  1 |  0.333 | 0.333 | 0.222 | 0.074 |  ask q4 |
|    2 |  1 |  0 |  1 |  0.667 | 0.667 | 0.222 | 0.148 |      mb |
|    2 |  1 |  1 |  0 |  0.667 | 0.667 | 0.222 | 0.148 |      mb |
|    2 |  0 |  1 |  1 |  0.667 | 0.667 | 0.222 | 0.148 |      mb |
|    5 |  0 | -1 |  1 |    0.0 |   0.0 | 0.667 |   0.0 | ask 2qs |
|    5 |  0 |  1 | -1 |    0.0 |   0.0 | 0.667 |   0.0 | ask 2qs |
|    5 | -1 |  1 |  0 |    0.0 |   0.0 | 0.667 |   0.0 | ask 2qs |
|    5 | -1 |  0 |  1 |    0.0 |   0.0 | 0.667 |   0.0 | ask 2qs |
|    5 |  1 |  0 | -1 |    0.0 |   0.0 | 0.667 |   0.0 | ask 2qs |
|    5 |  1 | -1 |  0 |    0.0 |   0.0 | 0.667 |   0.0 | ask 2qs |
|    4 | -1 | -1 |  1 | -0.333 | 0.333 | 0.889 | 0.296 | ask 2qs |
|    4 |  1 | -1 | -1 | -0.333 | 0.333 | 0.889 | 0.296 | ask 2qs |
|    4 | -1 |  1 | -1 | -0.333 | 0.333 | 0.889 | 0.296 | ask 2qs |
|    4 |  1 |  1 | -1 |  0.333 | 0.333 | 0.889 | 0.296 | ask 2qs |
|    4 | -1 |  1 |  1 |  0.333 | 0.333 | 0.889 | 0.296 | ask 2qs |
|    4 |  1 | -1 |  1 |  0.333 | 0.333 | 0.889 | 0.296 | ask 2qs |
+------+----+----+----+--------+-------+-------+-------+---------+
27

type 3, ask question 4:
+----+----+----+--------+-------+-------+-------+----+-------+-------+-------+-----+
| q1 | q2 | q3 |   mean | amean |   var |  am*v | q4 |  mean | amean |   var | res |
+----+----+----+--------+-------+-------+-------+----+-------+-------+-------+-----+
|  0 |  0 | -1 | -0.333 | 0.333 | 0.222 | 0.074 | -1 |  -0.5 |   0.5 |  0.25 |  mp |
|  0 |  0 | -1 | -0.333 | 0.333 | 0.222 | 0.074 |  0 | -0.25 |  0.25 | 0.188 |   m |
|  0 |  0 | -1 | -0.333 | 0.333 | 0.222 | 0.074 |  1 |   0.0 |   0.0 |   0.5 |   m |
| -1 |  0 |  0 | -0.333 | 0.333 | 0.222 | 0.074 | -1 |  -0.5 |   0.5 |  0.25 |  mp |
| -1 |  0 |  0 | -0.333 | 0.333 | 0.222 | 0.074 |  0 | -0.25 |  0.25 | 0.188 |   m |
| -1 |  0 |  0 | -0.333 | 0.333 | 0.222 | 0.074 |  1 |   0.0 |   0.0 |   0.5 |   m |
|  0 | -1 |  0 | -0.333 | 0.333 | 0.222 | 0.074 | -1 |  -0.5 |   0.5 |  0.25 |  mp |
|  0 | -1 |  0 | -0.333 | 0.333 | 0.222 | 0.074 |  0 | -0.25 |  0.25 | 0.188 |   m |
|  0 | -1 |  0 | -0.333 | 0.333 | 0.222 | 0.074 |  1 |   0.0 |   0.0 |   0.5 |   m |
|  1 |  0 |  0 |  0.333 | 0.333 | 0.222 | 0.074 | -1 |   0.0 |   0.0 |   0.5 |   m |
|  1 |  0 |  0 |  0.333 | 0.333 | 0.222 | 0.074 |  0 |  0.25 |  0.25 | 0.188 |   m |
|  1 |  0 |  0 |  0.333 | 0.333 | 0.222 | 0.074 |  1 |   0.5 |   0.5 |  0.25 |  mb |
|  0 |  1 |  0 |  0.333 | 0.333 | 0.222 | 0.074 | -1 |   0.0 |   0.0 |   0.5 |   m |
|  0 |  1 |  0 |  0.333 | 0.333 | 0.222 | 0.074 |  0 |  0.25 |  0.25 | 0.188 |   m |
|  0 |  1 |  0 |  0.333 | 0.333 | 0.222 | 0.074 |  1 |   0.5 |   0.5 |  0.25 |  mb |
|  0 |  0 |  1 |  0.333 | 0.333 | 0.222 | 0.074 | -1 |   0.0 |   0.0 |   0.5 |   m |
|  0 |  0 |  1 |  0.333 | 0.333 | 0.222 | 0.074 |  0 |  0.25 |  0.25 | 0.188 |   m |
|  0 |  0 |  1 |  0.333 | 0.333 | 0.222 | 0.074 |  1 |   0.5 |   0.5 |  0.25 |  mb |
+----+----+----+--------+-------+-------+-------+----+-------+-------+-------+-----+
18

ask 2 questions:
+-------+-------+------+-------+------+-----+
| qcat1 | qcat2 | mean | amean |  var | res |
+-------+-------+------+-------+------+-----+
|    -1 |    -1 | -1.0 |   1.0 |  0.0 |  mp |
|    -1 |     0 | -0.5 |   0.5 | 0.25 |  mp |
|    -1 |     1 |  0.0 |   0.0 |  1.0 |  no |
|     0 |    -1 | -0.5 |   0.5 | 0.25 |  mp |
|     0 |     0 |  0.0 |   0.0 |  0.0 |   m |
|     0 |     1 |  0.5 |   0.5 | 0.25 |  mb |
|     1 |    -1 |  0.0 |   0.0 |  1.0 |  no |
|     1 |     0 |  0.5 |   0.5 | 0.25 |  mb |
|     1 |     1 |  1.0 |   1.0 |  0.0 |  mb |
+-------+-------+------+-------+------+-----+
9
